6.788628473430318166e-01 8.436509850511989539e-01
5.096497468072008763e-01 6.136507296635509423e-01
4.722611797485600782e-01 7.645241020731013970e-01
4.917258518517540478e-01 7.372999323176152586e-01
4.956181831024071838e-01 7.522781969640497390e-01
3.686135246637317620e-01 8.884622380499584970e-01
5.881318042207529517e-01 9.709573063652948699e-01
5.050033642176859905e-01 7.595322585399109094e-01
4.454640052380469672e-01 6.453522684417032362e-01
5.982367434258160088e-01 6.898932369888524097e-01
3.814953472979827342e-01 7.794350100577459584e-01
6.486148355074590199e-01 8.236716267226912302e-01
3.976214860073531976e-01 7.287006799887950637e-01
5.625244966162828986e-01 7.839486636813076670e-01
4.231163649680769745e-01 7.769969277722061918e-01
5.745056266405370593e-01 9.976110783126302950e-01
3.755876671044062753e-01 7.373583088811631603e-01
4.196233905423423227e-01 5.580916826821330501e-01
4.076207978304211554e-01 6.976124239157162066e-01
6.123977958957468326e-01 7.868085767199100022e-01
3.376714554164752524e-01 8.646675452270172757e-01
4.643729240553254867e-01 6.256858963046540989e-01
4.403350358315800683e-01 7.411405620311757314e-01
4.126117702237700469e-01 8.029713815361017026e-01
2.751742232423394219e-01 7.732238135153943759e-01
6.013183441886494895e-01 8.852797840954149677e-01
6.108187499934992770e-01 9.119390655318891925e-01
6.487543131992539180e-01 6.881699315599635325e-01
5.845833407057181574e-01 6.139110471057886986e-01
4.397114895992781936e-01 6.085527956594185550e-01
6.048147512246255797e-01 9.333737819442486927e-01
4.802585320841750161e-01 9.774645031405935214e-01
4.325272489688286592e-01 8.150616865365022390e-01
5.152945702762481428e-01 6.935804726063475867e-01
5.437946611280082276e-01 9.938978460400494930e-01
3.975069125391913483e-01 8.899338445840814238e-01
4.845493148100712411e-01 9.769627303293743070e-01
5.483788347600530022e-01 8.676216399863062589e-01
5.643163280595718811e-01 8.249086706725834439e-01
3.604236497359324942e-01 9.391662907744807720e-01
3.629330987447983436e-01 8.238563192405902180e-01
5.614077087754093531e-01 7.162087727297705708e-01
5.145063214103527960e-01 9.167882286301642925e-01
4.975895529928769934e-01 7.111342582147051061e-01
2.084262248207287560e-01 7.028159497427390878e-01
4.408921261514124890e-01 7.483582632211526198e-01
4.040003819772783333e-01 8.377295234113201206e-01
4.425291579507295014e-01 7.890545666119391788e-01
5.679071599825507022e-01 7.144562831340118825e-01
4.699793925480449386e-01 1.015814934205691911e+00
5.874285722610520510e-01 -9.293536631921784918e-01
4.920259061814428181e-01 -7.435514481705403078e-01
6.233471044453156029e-01 -7.851013605319009381e-01
4.469417855644895465e-01 -8.730526643693330424e-01
5.645061984983908987e-01 -7.686939625975893753e-01
4.483352075201850195e-01 -8.189071666435713270e-01
4.583801984869851909e-01 -7.275342341760551168e-01
4.310039322686134433e-01 -7.513585524731385412e-01
5.851518950484708714e-01 -7.513750673891689269e-01
4.165760149328214812e-01 -6.655007543377762236e-01
4.321787320658848075e-01 -7.573564925559924665e-01
4.246665206402527870e-01 -9.744110250641094817e-01
5.225750266245819953e-01 -7.712964835305176070e-01
4.922559039440060902e-01 -7.723931502757157563e-01
4.351589111693518475e-01 -8.737464837458759348e-01
4.831909901378085292e-01 -6.090723190733434711e-01
5.814814541251325242e-01 -8.519991754097564485e-01
5.558713204847423039e-01 -8.478364660443210576e-01
4.542739212861693354e-01 -7.140715991735324675e-01
4.474735354844366353e-01 -9.675634634184595573e-01
4.093505299425671540e-01 -7.911584793797994397e-01
5.128007821116100651e-01 -6.758383481841461204e-01
4.283974202482581095e-01 -7.268534264179895565e-01
5.425966749849784332e-01 -8.149013772215502049e-01
5.835843902181973020e-01 -7.507881097086204214e-01
4.137691513063126436e-01 -6.928316070217206413e-01
3.779098080103866497e-01 -7.940384566909670649e-01
5.002444161989235694e-01 -7.575364279140143209e-01
4.274566519601487591e-01 -8.034943385552091311e-01
4.859379972984081975e-01 -7.002911632906348993e-01
4.204085306776609854e-01 -7.927254470848565937e-01
4.738759515327981564e-01 -9.298046637669482584e-01
7.676112467653688487e-01 -8.071219027160561055e-01
3.513341929079238923e-01 -6.591373041151040724e-01
3.929414500847496772e-01 -7.629130027969740491e-01
5.862832094962766583e-01 -8.648432022776058048e-01
4.569109944614398455e-01 -8.540270263790554761e-01
4.870638990248946087e-01 -9.622461170469618352e-01
3.764363375893877706e-01 -8.140786442184624327e-01
6.038952117354455806e-01 -7.368255822570913827e-01
6.729417429210297064e-01 -7.305947727930576230e-01
4.488871007447086114e-01 -8.122843405613039414e-01
2.969606446221702001e-01 -8.960775110213934358e-01
3.979640721196014419e-01 -7.729406575029336146e-01
5.647829797409857910e-01 -8.560373418884161811e-01
4.411498380320570956e-01 -9.546555822811078063e-01
4.872237942114140408e-01 -7.751831972853177044e-01
5.445780958653142489e-01 -8.782709043447464170e-01
6.988489679810551136e-01 -6.804941664028724135e-01
4.904762401299375685e-01 -8.527187779333960105e-01
