1.953045257431119452e+00
1.273464156105404976e+00
1.075351586554720740e+00
1.219506418024368433e+00
1.341393035567572944e+00
8.701317128131997869e-01
1.652259612106793840e+00
1.095579572046898376e+00
7.560975660080826444e-01
1.517849745412524598e+00
7.502404639873517800e-01
1.811961158209861367e+00
1.055271017949336532e+00
1.593592842567962631e+00
1.118709079590928912e+00
1.594823150193917627e+00
9.005480027858262515e-01
8.867622577002303164e-01
9.582695627407020744e-01
1.728204544022502676e+00
9.307264627772959820e-01
9.448127120473024387e-01
1.040140646747819808e+00
9.684197079465877156e-01
8.383683897253250139e-01
1.540922612742372744e+00
1.881005120451099355e+00
1.728781908249151344e+00
1.532885721220518249e+00
9.789018590822446964e-01
1.700534989747797265e+00
1.244694215755928646e+00
8.787346038299120865e-01
1.264894205661023285e+00
1.415923093383664177e+00
1.157915132616575749e+00
1.417834660755466381e+00
1.402364558221477431e+00
1.415455108569969589e+00
1.028829471036732723e+00
8.716245910962884258e-01
1.385002753120332830e+00
1.431987277830980121e+00
1.259796888629633793e+00
5.245632993404042432e-01
8.332771124340612179e-01
7.994837934884465591e-01
8.453145127576358053e-01
1.716091153042571538e+00
1.260227187991223019e+00
3.571686155171328370e+00
2.287382232682987127e+00
3.231946432250459189e+00
3.154322071878098654e+00
2.791028927418135464e+00
2.574455872723959260e+00
2.101079904019053313e+00
2.403980505622822506e+00
2.809396012510321228e+00
1.579922551789046725e+00
2.234088709067197254e+00
4.034922902673097944e+00
2.570186583435683403e+00
2.347868571391009240e+00
3.329371778264840209e+00
1.854439204968086896e+00
3.064082868994979947e+00
3.191886947336434410e+00
2.016595157992346010e+00
4.086792289628932373e+00
2.539403333279815822e+00
2.231042089987073318e+00
2.260530651348953146e+00
2.763680319335658719e+00
2.672583853916712826e+00
2.018906983602104077e+00
2.491684335948121110e+00
2.464141863023163737e+00
2.615053640272558599e+00
2.019578471370697237e+00
2.728812602937467080e+00
3.574902663553330306e+00
3.607405039192394192e+00
1.599794255116770758e+00
2.507772269121367970e+00
3.027829372561045673e+00
2.898760040860306919e+00
3.916643377356914257e+00
2.726755933998493919e+00
2.551784272054011371e+00
2.692252339520803339e+00
2.616828598487255242e+00
3.354173313767492726e+00
2.670275870514573491e+00
2.965665943287032480e+00
3.978814729181253007e+00
2.311361306324209330e+00
3.259322415468935752e+00
2.636778661340020147e+00
2.978689574198040368e+00
