2.868383993477403138e+00
2.872263294223166064e+00
1.962848909842963119e+00
9.433803867612357008e-01
1.197072272079980682e+00
5.936155855305433882e-01
1.791841710353247130e+00
7.516888699451214073e-01
1.429824351712163821e+00
1.563838758743305579e+00
6.094899470712280554e-01
1.106026451315753611e-01
7.217991253378192029e-01
3.838911878757653717e-01
1.647847666514369536e+00
6.972911302532271982e-01
7.592193104655797775e-02
5.372395690182683037e-01
9.187843268159763266e-01
1.223903914621018441e+00
1.052952466325986158e+00
4.752011358964778331e-01
2.757494071372907918e-01
2.242532301101479497e+00
1.175383733766654615e+00
1.507938237716083041e+00
1.790960658201982136e+00
6.640684379557761918e-01
4.700808570901373606e-01
1.719505425907266627e+00
1.441367952928634066e+00
-1.261423525336717866e-01
1.258060702595408031e+00
1.484541233115734826e+00
7.550145861052554030e-01
8.156757590011438630e-01
7.949514525788952124e-01
2.071118007675688766e+00
1.514831575530791063e+00
4.194939177492682525e-01
1.039634601689482851e+00
8.576867463574248118e-01
9.090780302532190937e-01
1.825723686999903839e+00
9.852888171642227855e-01
1.792753897324264489e+00
1.048941289435868729e+00
1.460337749545467023e+00
9.340343369712300614e-01
2.081053222472273756e+00
-1.443583626314379087e+00
-9.323019346310554845e-01
-2.235427778806226673e+00
-2.416439371949056003e+00
-9.214530934806992590e-01
-1.448034490823443932e+00
-2.039496569755033129e+00
-3.084598516520540290e+00
-2.020698336026516273e+00
-2.277388923542619903e+00
-1.919652864671567150e+00
-2.055040857259216924e+00
-3.334729183339170788e+00
-3.341873619072311730e+00
-3.041078231690530931e+00
-2.552556799458229442e+00
-2.761484301430912502e+00
-4.247805322316505539e+00
-2.550384842773208760e+00
-2.928973741403161135e+00
-2.925003096145649906e+00
-2.771290143824877816e+00
-2.663103445700889527e+00
-2.629921533364116382e+00
-1.441919649554531446e+00
-2.185478949104779467e+00
-2.161601966027479893e+00
-1.463708905606778909e+00
-3.408784243159278748e+00
-3.165628680308302023e+00
-3.206955998078770076e+00
-1.076083655145847029e+00
-3.020412533980710190e+00
-3.402985723410901997e+00
-1.286997378085603660e+00
-1.772487988590236041e+00
-1.455679796877490828e+00
-2.032130929498375593e+00
-2.067004863625963029e+00
-1.569139787332966662e+00
-1.321190316415318255e+00
-2.450997303698271512e+00
-2.711117402897982753e+00
-2.881682731203080827e+00
-2.540589453477585469e+00
-1.700673482018978611e+00
-2.187848897928501568e+00
-2.442689861091019488e+00
-2.114531357388391264e+00
-2.402722113349097910e+00
