8.810667799123346189e-01 1.280181660993229276e+00
8.578688251049771951e-01 1.212570162845264310e+00
9.077238417057948983e-01 1.054184626033765060e+00
1.048028677287960786e+00 1.021220279982243628e+00
9.187192685421534666e-01 8.845561433477265867e-01
1.039680532573389993e+00 9.178438617034654357e-01
9.180959920854351308e-01 1.033151570066735081e+00
1.001202471384311066e+00 9.733048052608247458e-01
1.067575232704021326e+00 1.126135470337574773e+00
9.923662445315928338e-01 1.047051845611965737e+00
1.006428591614844548e+00 9.069543951237241108e-01
1.052641390955806999e+00 7.843153373966015307e-01
1.101921880631796746e+00 1.023580319718917275e+00
1.081360229798800532e+00 9.412347106313899703e-01
9.950376332773636090e-01 1.093201573897096823e+00
1.134652687060371035e+00 1.089288381454245114e+00
1.136963049502297540e+00 9.941132199758135890e-01
1.082404927971710951e+00 9.894962019315697299e-01
1.078626113748379245e+00 1.059578538486880772e+00
8.948726927667961517e-01 9.498396028694716664e-01
1.051111813374495663e+00 1.035714836581005605e+00
1.088161438317174046e+00 1.008921425656867488e+00
1.015678426676032142e+00 8.634244431830702116e-01
8.840681500339833132e-01 1.068018307280400370e+00
1.106097706635374767e+00 1.172021980975600508e+00
1.001457256084673064e+00 1.104859785513219395e+00
9.069529164946116273e-01 1.011775167380589036e+00
1.067053089266541299e+00 1.015025059184193168e+00
1.041800418375454784e+00 8.956857417314593173e-01
9.431793193875369630e-01 1.053604874085730003e+00
9.191402489487708882e-01 9.950082129534433273e-01
1.267533367031242530e+00 1.073681555523019915e+00
1.081318943509019581e+00 1.118935990822384152e+00
8.549977251515321619e-01 9.215464403667621429e-01
1.063498973480866416e+00 9.871561043852944417e-01
1.012438392923366459e+00 9.590856289370437437e-01
9.867171734103319380e-01 8.847387931243895220e-01
1.005808452143631904e+00 1.244738296806458866e+00
9.111820760669023800e-01 9.382589520946202910e-01
1.118275198685056093e+00 1.047862234678473170e+00
1.005068241195335332e+00 9.753773385042694422e-01
1.108781997998510960e+00 1.075481119789853945e+00
9.424465538358824945e-01 9.238012206340717736e-01
8.780784329399961008e-01 1.017174077607550853e+00
8.998936650165887396e-01 7.794170299852916095e-01
9.618171793343888165e-01 1.099722898863180420e+00
9.873494772390754015e-01 9.983947961515639014e-01
8.805612602556558421e-01 9.236607786189994229e-01
9.896186088878090592e-01 9.896711111786692383e-01
9.484432616479910871e-01 1.170508973184523294e+00
-1.085636586862249509e+00 -9.539379939190320012e-01
-9.741528603448318391e-01 -7.557604569316883625e-01
-1.028509940455001992e+00 -1.035303432927148659e+00
-1.025565421386977594e+00 -1.063543929351400630e+00
-1.132336414111618561e+00 -9.161625949945634284e-01
-1.098379396711588685e+00 -9.479552358081990704e-01
-1.017937715876934712e+00 -9.893670369820615207e-01
-8.976418616165880993e-01 -1.064152738305378154e+00
-9.978618221767424634e-01 -9.895618002144537240e-01
-1.013445954923158920e+00 -1.048744415190656198e+00
-1.024028270941420127e+00 -9.727642441967292442e-01
-1.013617599340042696e+00 -1.009929932835789135e+00
-7.642621479290544473e-01 -9.888042386316908683e-01
-8.309134219915457198e-01 -1.058379652528661730e+00
-9.368206710293230932e-01 -1.087839779207318225e+00
-9.928474929866653031e-01 -1.063403265347809601e+00
-8.764692024178734053e-01 -9.808582005854410424e-01
-8.662124008012690446e-01 -1.203147672647152167e+00
-1.035203235100162544e+00 -1.079623236177148948e+00
-9.534822161192120227e-01 -1.081807024037412912e+00
-1.025245283715527922e+00 -1.117924015247604430e+00
-9.523699251143837863e-01 -1.044579742978953174e+00
-8.407571504360727976e-01 -9.476761190585685224e-01
-9.091428662663526561e-01 -9.865684365125877431e-01
-1.134448143843193479e+00 -9.694738154014983511e-01
-1.031272083178903065e+00 -1.029617326671729449e+00
-1.150922335634799953e+00 -1.129419190284514762e+00
-9.936558863811112419e-01 -9.062498395755369529e-01
-9.406690091411573640e-01 -1.135951010915235093e+00
-9.845873263667064279e-01 -1.159122538526587531e+00
-8.607562544117882686e-01 -1.043348670448109639e+00
-1.037552636260573813e+00 -8.556749188712782228e-01
-9.777279866234106498e-01 -1.106415845516302898e+00
-9.288948182011433907e-01 -1.134703904594637880e+00
-1.094168963955860940e+00 -9.546117406985763498e-01
-8.978401111043017302e-01 -8.552446897275770565e-01
-1.165224238748711727e+00 -1.034190987413016405e+00
-1.163297090650794896e+00 -1.091974751648508990e+00
-9.070998003738611759e-01 -8.799662629124715973e-01
-9.866425669358870332e-01 -8.837205760281692246e-01
-1.060296816275488885e+00 -9.393047778134478998e-01
-1.017275690647573505e+00 -1.067957814050247478e+00
-9.054677367393777487e-01 -9.921366136182036000e-01
-1.159426611006590724e+00 -1.237671889440041584e+00
-9.512458230710798546e-01 -1.009800554298712738e+00
-1.005997198881478649e+00 -9.182725107016841415e-01
-1.024876449915178789e+00 -1.037581100183204708e+00
-1.010147146131704199e+00 -1.025463086427734094e+00
-9.745756858339373885e-01 -9.707264395749303221e-01
-9.500802990556641570e-01 -9.718214074295713489e-01
